import math
success_list = [2749, 4589, 7102, 7727, 8198, 9383, 12633, 15708, 19014, 21206, 21303, 21434, 21566, 22706, 22890, 25790, 28244, 29877, 32174, 32717, 34433, 34883, 37965, 44691, 47422, 48635, 54473, 60438, 60536, 63902, 68340, 72424, 73147, 75873, 77706, 78159, 82694, 87740, 89348, 89814, 96471, 96809, 96921, 97552, 97664, 97738, 98884, 102787, 103028, 108113, 109925, 112760, 118795, 122673, 123766, 128455, 129979, 130821, 132269, 134521, 143421, 144255, 146364, 149126, 152874, 154489, 163157, 165755, 169668, 171577, 172633, 172678, 177423, 179567, 180866, 183400, 190447, 194953, 214033, 216366, 221250, 222970, 228167, 232143, 232366, 235478, 236282, 236912, 237628, 237726, 240188, 242616, 244016, 244572, 245640, 250448, 259894, 262799, 262866, 264896, 267448, 268722, 270101, 270361, 272643, 273428, 275627, 276485, 276960, 277884, 278336, 278652, 280409, 284058, 287894, 288111, 288692, 289109, 290414, 292855, 294063, 297914, 300445, 302413, 305561, 308500, 308563, 309329, 310064, 311434, 312461, 315817, 315965, 317784, 320465, 322658, 325047, 329468, 331440, 332963, 337463, 338128, 341922, 342792, 344369, 346498, 348413, 349244, 351186, 353679, 356269, 357795, 357984, 368184, 368247, 369276, 370348, 371631, 371673, 371824, 374879, 374936, 378995, 379685, 382234, 389495, 392818, 395154, 395163, 395223, 412254, 413783, 418191, 418209, 418368, 421980, 429770, 432225, 438478, 441144, 445858, 447019, 447412, 449718, 449900, 455113, 455462, 456494, 456522, 456699, 457199, 457538, 461535, 462745, 472401, 479001, 482758, 483519, 489223, 490164, 491568, 496451, 496718, 497187, 501243, 501708, 504507, 505009, 505272, 507959, 508610, 512416, 513153, 515503, 526129, 533699, 537392, 537913, 538152, 538467, 538839, 540559, 541841, 546699, 547827, 551796, 559354, 559458, 559695, 560238, 560667, 560788, 562419, 565130, 565968, 566477, 566846, 568218, 571799, 577711, 578307, 578753, 581373, 583803, 590588, 592798, 592821, 594251, 602256, 603596, 603833, 610811, 613888, 614905, 615192, 620642, 621823, 621897, 624473, 625597, 626496, 627997, 634456, 636489, 643685, 651239, 654628, 657880, 666814, 667169, 670700, 672742, 678445, 681687, 684051, 688761, 690225, 692926, 696439, 696822, 697029, 700468, 702258, 708963, 714137, 718605, 719461, 720897, 724790, 729213, 733895, 737352, 745559, 746024, 747775, 755728, 758070, 758156, 758548, 759614, 759807, 760316, 762681, 769758, 772046, 772070, 782348, 782405, 784292, 784687, 790470, 794246, 794406, 794913, 799052, 800662, 812467, 821288, 822064, 828793, 833719, 834411, 842678, 843216, 843544, 849529, 855820, 858018, 861629, 862533, 865019, 866271, 866654, 868275, 868622, 874061, 874511, 875453, 878055, 879706, 883963, 888697, 888718, 896522, 899389, 904128, 904267, 904699, 910781, 911406, 913679, 914753, 915738, 916858, 919349, 921369, 921809, 923954, 927375, 934860, 937677, 937714, 944387, 944816, 946331, 947918, 948245, 951291, 951759, 958989, 959096, 961146, 962046, 962635, 963302, 968213, 973346, 975650, 977215, 979520, 982050, 985152, 989455, 990233, 992229, 994961, 997942]

i = 1
j = 1
fib_count = 2
fib_list = []
while fib_count < 1000000:
  if fib_count % 10000 == 0:
    print("Progress: " + str(fib_count / 10000))
  fib_count += 1
  temp_j = j
  j = j+i
  if(j - temp_j - i != 0):
    print(j - temp_j - i)
    j -= j - temp_j - i
  i = temp_j
  if j >= 10**20:
    j = j % 1000000000
    i = i % 1000000000
  
  str_j = str(j)
  
  """
  begin_j = str_j[0:9]
  begin_j_list = []
  for k in begin_j:
    begin_j_list.append(k)
  begin_j_list.sort()
  if begin_j_list == ['1', '2', '3', '4', '5', '6', '7', '8', '9']:
  """
  
  end_j = str_j[-9:]
  end_j_list = []
  for l in end_j:
    end_j_list.append(l)
  end_j_list.sort()
  if end_j_list == ['1', '2', '3', '4', '5', '6', '7', '8', '9']:
    if fib_count in success_list:
      break
    
print(fib_count)
